0
0
0
0
0
0
0
0
0
0
0
0
0
0
0
0
0
0
0
0
0
0
0
0
0
0
0
0
0
0
0
0
0
0
0
0
0
0
0
0
0
0
0
0
0
0
0
0
0
0
1
0
0
0
0
0
0
0
0
0
0
0
0
0
0
0
0
0
0
0
0
0
0
0
0
0
0
0
0
0
0
0
0
0
0
0
0
0
0
0
0
0
0
0
0
0
0
0
0
0
8121
6254
-6921
2925
746
6163
7576
2145
-5422
-720
-4039
-6547
1994
7178
-4843
-5281
-5878
1566
-2584
-2464
-2106
-5367
-6660
-5500
-2218
5395
5606
2067
-3335
-2065
6445
-765
8042
-7560
-318
-7074
-374
-1891
4642
-2648
1272
-5910
6578
2199
7526
6524
6088
3804
-5317
2670
-6503
-786
7654
-6094
-7150
3116
12
-389
2427
3059
-3676
-4911
-1138
7319
-5693
-6118
6783
-4484
-2879
-1860
7732
-1826
-6866
860
6618
3885
6608
631
6832
2332
4295
-5789
-1841
6384
-78
-2631
7535
-4899
4742
-1473
-1777
4994
1700
-4370
-7007
4356
5491
3044
-3145
-7817
2479
-5785
4737
3760
-5043
3441
-5846
724
-3635
-2164
-6382
7776
-2439
7696
2822
3990
-6147
-5065
-1380
-1364
-2937
-6489
376
-4773
-1158
-4978
-7637
7600
2422
5534
-720
4978
-7831
-3704
-2240
5262
-2544
-5121
-2262
143
814
4210
3081
-3033
-5232
6952
3997
5477
-8012
-3684
